1507711681
1441225495
1510704539
867773712
333260901
1510693368
1492389285
1461433495
430259555
1128010207
516516783
529846825
1386804995
561442873
1235643085
1448496262
561396482
560994764
1083427655
1506171114
1465253708
1484605084
1492912991
1360732096
1483475722
1484483659
1483394828
1483065295
1494006550
1501703673
1509837024
381501353
159107647
1484570850
1449064891
1503179790
1481419440
1501541573
1451134824
1356250564
1346303606
1184945227
1503643364
991657628
1373046661
1462656371
1442117896
1450902792
1491842823
1416800634
1509598061
1361859195
1488823613
1330439427
1488768598
1044322777
195752535
1394466908
80850436
1484264333
1399123511
1497266447
1315185704
1511897858
1438199526
1497292219
1438323277
639531186
1190920993
1508913474
1462635734
1511095432
1503997039
1505784724
1510523321
1513008267
1381394187
1486432522
1450271481
1482921778
1494282196
1447025178
668449180
1464748250
1500445906
1454826718
1508948501
1505414634
1509152013
1509832443
1507969031
1459151216
1483750195
1108730760
1497596697
1503216557
407511724
449084786
1352878990
961924176
1435696956
908175173
1506092904
1511032246
1375076808
1406109157
1512704563
1508971336
1510270895
1507644583
1297736720
647370580
1479293560
1484373897
1104472527
943713033
671484464
1494318172
417894267
903331720
418007483
1508964762
1493062519
1503553431
1385620909
1496276665
1494372191
794399080
1484486936
1392811478
1461374408
1477773798
1359786584
1510300295
1506441761
1483868631
1511377972
704938404
1510554495
1486381545
1451242275
1269098502
1360139742
1494964220
1509067734
1482979672
1497577619
1378015400
1446753637
1492835116
366517374
1479920577
1506040869
1502768020
1510854641
1488407685
1352798590
1457992639
1380422591
1501432442
1295864332
1268431796
1504846762
1422740048
1500070182
666502523
1476782645
723492542
1435782354
1509029090
1483763100
1487402764
1508965386
1375703995
1512587199
1509583056
1511453525
1506070322
1369264344
668446637
1511445432
1477989995
1448701858
1500782554
1476720252
1494495689
432670964
432671042
1505451618
1442351430
1495047842
1505286502
1507738934
1435771975
1480999416
794421010
1371663191
1487495624
1495589252
460790820
1494172595
1506331460
1506131126
1510628849
668270492
1499206728
1487910204
1504774359
1506956721
885248009
1147205326
966825348
1489887355
1295198093
1502732700
1484289681
1460036916
1483238193
1509081132
1494962309
1510146549
383538291
590062537
389202562
485320954
1398096066
1500415137
430928630
463253198
554955992
810184887
1477190991
1470046399
1083718073
1190260966
410068216
1016327666
979268820
1471632385
306133017
414964286
1185299237
1203121599
1448133480
1124576192
1494009624
1491432471
1505244303
1509637123
357184888
386251414
386251420
740315993
668271987
1506563892
1013195760
1403614569
1509862564
1510868860
1475195767
1508218317
1484838774
1481435162
666554579
971678080
971679718
1064869368
682275490
682276270
1498543874
1229497122
1482618169
1247365631
1498220893
1472750343
1487380623
1465967989
903738765
724978785
1369800193
1504180564
1481634527
1455243311
1469643813
1478701583
160079240
1479423738
1456291836
421854083
1412345457
1334373643
1450076455
1416645086
1463001290
1378038000
1491323277
1511428261
1378597990
1466106189
804454061
1496519002
1504426928
539761876
1007018508
1493589136
1511015774
1206042937
1463228911
1493474302
1489756266
1449669980
857834901
386786434
534214810
511095187
431937098
1390335348
1022829002
549653393
1508007831
1471661499
908729807
1508979990
1501714917
1498790369
717336890
1193813330
1497507094
1497820207
1000914009
1438360454
1505564815
1396976757
1488040185
1368303083
1244991573
1451850764
479161178
500636367
1469826707
291809309
1259440221
290850798
1435114109
1505520286
666771018
1474379976
1509742106
1493845624
1455713645
1511557673
264516363
1204935313
1145174819
1486177817
1485321123
1203877511
1494340084
1512605724
1510434191
1211844104
1447455088
1463061881
1484081378
1207190737
538742758
1343410970
1357611655
1072623548
1255062786
1477761543
430165002
1471835043
1506543145
532555968
444090187
1490507007
1470530489
901742250
1091499110
1511059953
1477234370
1512570543
1469441291
1063899575
1088489022
1016322772
1501853429
1495067138
1455695304
1489044301
250299165
1473292026
1077273729
386261099
1303292980
1496495112
1024876407
1472950735
966074850
1449386521
1018758050
1261009310
668446300
1453597558
1510859746
1469737094
416574662
416573542
1219293111
1503359656
1439461977
1215855455
1128058014
1485527041
1508596615
420293644
1510508114
1233988867
1035428410
1500810211
302513997
1201036899
1434873883
1434029180
429854081
1024806902
494907037
1505582525
1488004416
1512024112
1512671216
1464749811
1229415247
1499950977
1486623482
1442816945
1503126401
1508668223
365929271
1336196079
1239866360
1312616596
991452758
1509584418
1193299454
1469689514
161818523
1450647358
1053442975
1236179812
1439180619
1330430147
1369879241
1489266512
1460688546
1507225998
1510498625
1506493075
985644093
1510176172
1496981418
1065734967
1441487750
1485754910
1377334242
1504605380
1453462346
1511215492
1478629279
1488400394
1369453267
1509883387
1510275823
1473629489
491946851
292401960
1466031837
1472948181
582282023
1435938078
321146355
1118875835
1252817896
1508610730
682651570
1502116034
1508949223
1358141708
1480319321
429035173
1506781172
301743831
1450273450
666316728
1355675761
1494483124
1501843399
1504032805
1152910494
1510659932
1501862983
1492869794
1439597150
1463786945
1505606642
666797041
1438602739
903743959
1504713649
343958138
1510819992
1458522852
265531323
1378012032
1508101376
1373837078
1372586428
649229653
1380155269
1504951114
1505766236
1435093148
1511212786
923859590
1460708963
1070875579
1294022614
1455424301
1511414117
1499347428
505860137
346587665
347728956
346847450
347990315
348535800
1410847586
1487167801
1371483120
284362028
1386259377
1400046159
290159649
1407287717
1465070803
300319636
1265373440
434375659
1455575096
1164624510
1288849336
1218328430
1494707085
1509529850
1506398629
1424512386
1501839924
1463976814
1465284767
1501849139
215588622
1500322047
1426571873
1503385898
668312094
668404104
1466335595
1358031742
1505207088
1366604457
1372509199
1373252603
1467626087
1499198766
1497424019
432670355
432670858
1510701051
524928233
1503560735
1484287567
1465909083
1511802791
1508276658
1508981698
1503012461
1504975764
1506799454
1498632054
1488369373
1498777134
1386119506
1504541736
1401699388
1439943664
1504662683
1510414808
1511085377
1498977832
1502455921
1456146903
1450962954
435014049
430259223
1510531622
1488416370
1505555880
1195130871
1370419967
1501726703
1341922403
1489348179
1383268569
1458519473
1484118038
1356864882
1475123006
1403619066
1496280501
1282757683
1504496705
1420335306
1501878047
1507242016
1506207812
1331012981
1511465480
1361279905
1483947536
1500274291
1508626692
903281834
891864710
1471142149
1511597205
465967753
1505340596
1362040773
1442968289
1387668120
1447053204
1508450852
1439615175
1506872290
1508332223
741316251
1120485812
1408689513
598426928
1486813919
1489200582
1415562449
1494261251
1510445609
1436978615
1321970331
484571674
1477003803
207620067
1489357409
346052785
417892900
666794080
668402326
777689145
1476193976
1481534193
827218664
1480605509
742316073
859270039
1512818068
288416069
1467836860
1494230832
1157082759
1440946874
503341322
1490879222
1510379051
288417909
1457397128
1090944955
1439055015
460909006
1330528579
1017512345
903281805
1496305758
417999555
777683519
305444074
710299047
281776898
1505182698
665703917
668359302
795832915
777699441
681480469
668449188
383155914
665704154
742161890
732378458
667405733
1483855278
348802991
677324662
668403223
666534202
666784290
667767049
729549751
675812919
742315907
384841572
386250789
740783005
428815503
1457826361
83434502
729679808
741316276
383289192
1452950980
1338438246
1492960564
960611913
525043301
736874727
1505586655
1501235335
1459783504
1489627215
1507899989
1500589232
553556896
1504847706
1462580881
1493065330
1434774712
436923588
1446895888
1512231524
1241470582
1512362282
1473385952
1225685225
737327906
1352726254
1511692976
668402257
1503563225
1453584889
1447320351
1097037329
701415096
1441056850
701415053
384513886
1491885594
255293600
724035357
724226833
725008676
725007918
724978825
725013127
727848863
727850184
727854258
732396262
732370919
732367269
675812547
1488795571
901739950
1357426613
1446326606
1135297044
1045546799
1111801701
1482988423
1494925765
1377140540
1498505530
1332834894
1493590112
1483328999
1499544258
1499126888
1505616146
978986960
1232226082
667763018
381382216
1510287746
1508200856
1500918082
1494785629
306933801
382483895
668207172
1498838067
1502597921
1497024837
1490765346
1499497187
1505451478
1294982748
1320578410
1510277765
430941367
430941375
430941206
1493071110
698399961
982739363
1510239538
1471644157
1398479286
1508974014
1498805870
744287885
903848023
598832869
1451622153
1386736043
381081237
1511562411
1450109487
1494646819
1462711725
1091621772
1451084759
1472713970
1444091049
1343468820
1485631755
1466788755
1489096546
1494014945
1486739792
1469892017
1493443269
1366679875
1448029352
1142801741
1483856332
1505043699
1505242775
1469289543
1499697240
1484726183
901769963
667767221
1463412479
1506935237
435014183
1470828666
1450295707
1502416108
1460053675
1479233042
1500476186
1466879454
940513926
1465786107
1447158884
1494571205
523653429
1057501064
1508898964
1491700729
604822935
961514296
1447775329
1482948767
1408517535
1501972899
1462653988
256823205
1500348383
1496697376
1086445933
1468167585
1492582546
1480801859
1450423576
1481022749
684601625
1448231050
1472867115
1358156930
1504286745
901749274
744257905
1499818185
1280893489
1455641798
1505501711
1508630202
468667388
1089770094
383537886
795836346
1230474876
1021129904
317019311
1492510148
1374149808
524962645
1491228951
732423800
516282879
1330505642
562782841
417890697
737519331
668464021
732435050
307399785
1391120349
1499106414
1462642371
1499745458
1465415387
1509806976
974213636
1490590520
1493811573
1205120893
1480295915
1505371861
284913036
1472946014
1500625231
1497472706
1401454437
1482989510
1342180962
1458884288
1011420246
1511465268
1501405800
1384284296
1500792512
1206738624
1501413467
1197989803
384514126
668233819
1510093543
1493016125
446661118
620936033
891527911
870902867
999648758
870931482
1377136312
1445605844
417894449
1501249020
1386741796
1492652447
1496091837
957140669
1489550348
1492853164
1120457335
1287042803
1465482005
1509399041
1506836136
1504011848
1492740688
1508982459
1509321303
1506657684
1468109676
1512884281
1509050332
1511129901
1505069602
1363779962
1148466649
1101391024
1439850692
1261049343
1505152423
1384151630
1509096429
1508427526
1507721814
1500068110
1492747210
1383750822
1419884329
1488386505
668480224
1263706852
1512646297
1470900116
1142627107
1468130796
1389017460
1510823842
1387351704
1503532035
1465042557
1330461010
388884520
388884541
1009271188
1282586545
1461726436
1449719187
1448614222
1361273519
1494490479
1492147444
1496625242
1254098063
382743876
1464773196
1500630233
1046549826
1505241770
1492343866
1421205986
1403140755
1470229706
1106044009
1483263419
1478109822
1117060547
1455778383
1486497855
386624880
1511684790
1393335702
1512304308
357474521
1454358945
1437334078
1506965696
1022871454
1459551216
1436883497
1475367106
1485188571
1180010629
1488264423
1509092312
1493420048
1485187864
665703796
1496738910
315578351
1508897976
1449870353
1165267202
1326001855
430301817
1511787040
1506072796
1371008742
1422548306
1510347923
1492814485
1502593267
1505607699
1054511095
1483205356
1146374818
1504926925
1309653273
1512314778
1367221096
1497753861
1368061972
1474129418
1384144910
1510155545
1508611035
1493551935
1291766804
1511186169
1464241766
1296678300
1489861026
1512694648
1506587855
1493138503
1497798838
1507729479
398411085
1500065788
415836144
1505515413
1506853056
1385665609
1509533592
1509467662
1411701761
1512064315
1485179106
1510632674
1150108501
1375346131
495262783
1438836622
1510532175
1511783797
1505727610
1495867761
1508048393
1511472435
944468885
1504036277
1492579582
1483818160
1498941298
1504787042
1509852972
1510674485
1511091782
1479082841
1493002504
1510438512
1358599592
993124682
1493806313
1504665465
1505022918
1492651410
666901829
1507380920
1363631819
546292122
313245855
1472725773
1494920739
1486451901
1509548501
1502768719
1496509830
1501375253
1509169045
1499150766
1502146775
1458220501
1496985971
1278630272
1497779434
1484117523
1512245315
1507256114
1427524800
1504205231
683799141
1499644561
1483211327
1450934250
1471104839
909811421
1513006988
1489860633
1198527131
216238241
1500326453
1504478617
1450285042
1481773201
1487867449
1131295347
1508942966
1487403107
1400685577
1508255577
1369787379
1473310464
1199550309
1511297727
400998468
1468159259
1504532761
1492956317
1282545453
1448171536
1468358181
938726972
1460398495
1467299612
1495158902
1485304518
1492735915
1509548236
1438901670
797552932
1492754244
1506750518
1460584392
737535014
733144667
1451793215
1500442896
1439082274
1465996343
1494524750
389717137
667601645
1439645274
1211740440
1507753312
1508029641
1507584196
1033029830
1483409608
1494633253
1387758514
1434971429
1471900711
1353705624
1500586689
1194643840
1479487804
445295096
901768892
668709998
667759927
1488772785
1472055885
1367044420
668446593
1384581172
1275711021
1498785165
1474693807
1462081677
474274532
1508029322
1455775042
1508017227
279280060
1507835575
954166733
1511761400
764214563
1436876000
1509298726
1385942608
1477284722
1511131813
1353177679
908228682
337488032
1500060563
1498635912
1492915918
1491960924
1507405818
1397406873
430011378
1510151934
1397406761
1366578969
1506986901
1010808104
1496168775
1510479567
985789755
1491785852
1445116058
993127422
1353136011
1511423592
1506962876
1508436625
1451970791
1462945626
1437743891
1500041817
1459675747
1503709400
1490425582
1510572109
527579513
1356421733
1457498209
1512190703
991635631
120948493
1442575928
1170138975
1084811751
1369298315
1493907617
1349670360
413643781
272972357
457398861
1485785666
1071091235
1452539787
595865499
1013492980
1447305190
1505135462
1392315283
1495591247
1509188580
1504746427
1454388823
779657767
668449182
1507079221
1454707895
1499210861
752742889
731358411
383627990
741292856
1502547105
288076073
1477386290
1446202113
1039979708
1508759301
1458274756
1494497196
1346095931
1489187345
1406154901
1493013142
1508243677
1501234909
1469260887
1435529394
1505262891
1200034890
1505778935
1482424059
1509968184
1505816796
1505440829
1506699942
784440788
351203374
1412081519
509013891
732080340
1479676239
1508978033
668403211
1475042710
930702199
668223774
1510266527
1510263937
1510131322
1476839437
1082726054
1358868145
1379007233
1488369958
1510175075
1511398664
336328492
622209549
942553909
1493533041
1316796982
1242369075
1381189179
1486124240
722074337
266172495
384514561
553823435
1084928113
1500463588
742285985
422855017
422855026
422858726
422858722
758679891
346052829
741316223
668229027
680256805
382955283
790761000
383156947
423666859
724035652
726829096
667433756
1512854390
826990195
1495630263
1432182605
1336508390
1484291859
415456271
1506029699
1352778178
1450099177
1213210717
1385994305
1466175185
1511887321
1435515209
1157085541
1478555860
1512085600
1508448595
1351935316
1482770546
1492601403
1492601546
1460120974
1454573042
1503184012
1507717378
1492116610
724596096
1503193653
1484816999
1326843513
1223798697
1390371683
1418320405
1488170970
1511830429
445295086
1118021380
1373940791
1486094917
1453228820
1495252030
162592830
1155061645
1509101779
118396575
282502770
1484352380
1451660523
1457721222
1482560740
1493292481
1506945528
1458910087
160275933
1298514698
1459082849
1460305077
305498215
1462981185
1460703187
1081133487
1494757176
1501703734
1454435056
1253583216
1490282012
1511960590
910006079
1463224403
1471940542
1471511678
1511170113
1502731957
1158628417
1492319950
1505852204
1501996480
977500904
1461669416
1326114481
1191379571
1453366632
1434799307
1507968320
1268513423
1479464696
422862712
1512126961
1509366572
1323558601
1449809092
1311145671
1485875648
1492750545
293822370
1476457770
1247313292
1439665273
1477776266
1344977371
1478299715
819549938
1434361892
1470173526
1503261379
1063144412
1506085106
1243323269
285181483
1498068763
184473683
583239426
1310462653
964683698
1499734882
1455009780
525667303
1492925891
1484429066
1235930722
1494873168
417891557
74254710
1258447513
954052502
1441013294
1404052886
1052326664
1332788152
1188765739
458538821
741316160
1505351497
1341524139
202915878
1357989075
1500435722
699022892
1492155042
1495257376
1512601457
1477722570
1467011179
1504507374
1024256482
1455163104
1478038713
369688745
1073994033
1448121088
993284374
347831939
1506824185
1506382468
1512436414
1320505493
1487404034
1437750308
1296242853
1490085487
1486624553
1479458052
1435029908
1491039508
1293897477
1458298784
1490787587
1472207083
1066629350
1438939183
1104539358
1194369433
1506102055
382743917
901845166
1149203811
1253783033
1469867075
1492771276
1495207716
447309475
1500644953
1484711325
1478735553
1438117975
1445800436
1483383815
1294526715
1483425267
1441223483
1493545957
1437666983
1456710377
1458625456
1453107845
1493381783
1372629489
1510156161
1479924013
1438970340
1502632680
1494961825
1102935830
1489412459
1437908813
1384538414
1448095358
319264973
1438894912
1318544503
1465402458
1467263781
863753029
1495573898
613945199
1505688696
1336447650
990116086
1361463510
1209366389
1498294746
274679726
686048144
1382389679
1481215838
1450422017
1299563368
1153091247
1489364766
1506919939
1502875053
1512086947
1509397791
382744062
345141069
1389868765
866412037
1424369438
946229394
346955681
1501726857
1358384499
826448298
528576165
1490685714
1510140369
1379926523
1505853592
1482356609
382826499
714306335
1427112800
217789015
1509088901
431777589
431778115
395428597
350710673
1510675001
1486210808
1491730174
1166503150
1504898677
1262752455
1097071329
1312339168
1504103135
838820902
1504877653
1507095997
1481406763
1466724477
1435733726
1357700583
1361297129
494019812
1447052185
1256604115
1061099912
1191485643
601876036
1507441536
1472879899
104731516
426329818
1503052248
479283730
1504374081
1505117116
668403891
665704124
1507966213
1081051945
1088206452
1507870992
1485914924
1479799618
1486079086
453455034
1003581468
1224155219
1500633925
888168809
1485685078
1417694222
1449415183
1500591234
1440432280
1492337349
1397039973
1494478594
1460207654
549501206
1507453487
318764470
1500068333
522062076
1369799070
1511458464
1446195433
1495053377
1494773002
841104297
1191100679
1510446098
1494499472
1349464255
1143962051
1373338927
1317170088
1509364247
382826247
1483615087
478971124
998106121
280972438
1510254613
1443248712
1476606551
1462540623
1492746493
1355364243
1159334257
1336406444
1158602307
668212429
1316259575
1493192536
1454705581
1270813772
1481992887
1506383728
1495013285
1476436503
666881569
1174386253
1511030780
1453637004
442792942
1487976344
1467112355
1107498430
1493249541
1510288974
1498601339
1215718038
376373021
1439380558
1508490877
1471545367
1510713628
885017807
924694685
1458138577
1511104066
1477223491
1449791596
646582036
1208165307
1470495562
475238974
1151210114
1459551931
1474103354
1498341832
1507429928
80396972
1451420863
1511112862
1447712111
1367001838
389606211
484324178
1106045831
387270184
432662559
417141684
430906493
642396501
406885149
408872498
422855745
996924498
1478970110
1510480708
1496424180
1511659138
1504046653
1504048739
1502160251
1505076002
1510864995
1495251798
1488364438
1229888807
1511831065
1450095990
1454646226
1440631469
1480281357
1493416446
1489346893
1494745232
1378855687
1503064924
1440704478
1224996246
1505003011
1493984939
1507572304
1492702880
1010949770
564048682
1494032897
1419865806
1150623452
1503583622
1484417955
1468007456
1460693299
1510123800
1502766809
1334445824
1452747095
1510313163
1512183241
1319531342
1160364174
1502797024
1512743474
1276274742
1496513313
1497900225
1378609664
1493134737
1387754051
1032943750
651507645
668271975
1507599076
1209775941
1503018492
1444504048
1512689753
1511808675
1508915941
1510823827
1383264062
1484291061
1464065868
1491676684
1438188909
554321601
1500688483
1502145852
1511166124
1147667359
1505266182
1508242170
1511304901
1507345435
1509090890
309819370
1355495695
1509354556
1480673036
1458994159
736338793
1316768707
1479436479
1506932495
1506118096
667720033
1495441150
299299743
1503527228
1141854088
1498217079
1455657407
1466173366
479290129
421519881
1373002978
131386567
861115261
1508975819
867199020
1151584632
1140122776
1329527802
1441019576
1487384778
1488416526
666508585
666778710
421519425
1508748194
1313150096
1423287316
1507012463
1304831723
117401009
1336739955
1485273483
1485426206
1503918455
1489627618
1401095298
1281678446
1485756317
1482776109
1494368301
1352518330
1478308467
476023886
1510084286
668357752
972142112
1501529404
1484264715
1272776554
1463119725
1370604283
777686059
1508032621
1486621614
1507538447
729549769
727866034
1508930702
1436054787
384841097
1468546514
1364281632
1463671093
1270470052
1495878572
1494504417
1456686347
313885253
1382406190
1446491853
870936365
911155507
1438810598
1484248887
1506077610
1485350552
1487389119
1259605435
667601630
1510645529
445294787
256309259
1482957715
431555803
1019595194
1483528609
887026695
1120776927
399604533
1197984608
1494530136
1229585794
1503061881
1484701428
795836381
1492344320
344283203
1442946661
785696087
261395761
866420090
724048756
1497809536
1452077648
1510194083
386603770
477529047
1494338135
1123178776
1501720554
1478149008
795835560
666527028
535527896
576025304
576005933
430942672
430943000
430942651
435717297
1439938731
1466388466
430259183
668463755
1473890410
443986232
668447653
432023268
128950460
538157090
328064468
1508496404
1123824833
1345228205
385624316
1463332250
643325271
438301938
1306888178
1361308557
1393736429
383056372
1207607233
1452087375
389067466
1347410883
1437290210
417888604
150927587
1502294689
117401094
1494455325
667527755
765907203
1181230448
816132435
1504723677
1510485280
1492511513
667756292
1501403498
1504566930
1465993203
1504108947
1490139909
980621786
1510624011
1494126757
1494571544
1512376984
644355156
644355662
1361351207
1503054128
1469574334
1510273749
1510588817
1511443800
1509540236
1486180588
1324091333
1372953365
1480289990
1454179854
1385963833
384749040
1386288496
278678122
732435049
205816224
777694454
727848734
668273240
777687358
1483812688
1503746305
1506411255
1497956416
1510246685
969615358
1492996642
1486652972
383625687
1230945893
1076405610
666105179
1101971409
1494335505
1498840872
1491263008
1499279141
1453994143
1064997704
1097212678
1489186271
1503460437
1507828780
1482172137
1437715482
1491516147
791036884
1066581696
1193079085
1502757175
1508236702
1502783074
1509880722
1501542305
1508916676
1440667054
1510566996
1021236423
1477840632
1509555267
1493846183
280198186
1492156502
1178848645
921381719
916561789
667520126
1173300995
1435778433
1494729444
782872259
733645372
1355406433
1451721119
1451721126
1020712097
1332786194
1436636600
1035453884
1453374539
1507878400
279176970
1500487848
1477905257
1512839692
534950010
1315931596
1444371905
1398918902
1463998589
1482267440
1495239895
902588805
1501579075
1504217225
903702687
1256824233
1280818954
902644667
1512697621
1465944649
1265153058
1154116813
1321927459
182959486
1511217105
1504497620
642227190
1507440466
1224821258
524004914
1287229814
1451488845
1491402364
901742219
901781779
539768552
184136594
1443326095
1359457708
903842989
1509529789
1387685540
1458596552
1488357418
1494381251
902638116
1511449673
168646060
1489886219
901821509
1420194404
1511104835
1462684172
1494672156
1273769107
1206131808
1475371306
1451462740
1330842798
214301546
1497159460
1510194537
1384513120
1501727016
1271869456
1505651672
1481150771
1501840282
1509623540
1510853998
1497919003
969808038
1506964730
1508480754
1484072643
668712471
1511684408
1486093416
1511029110
1398027229
1364772308
1251546502
1452093436
1504096051
289447077
1480159115
1501355790
1434232033
666719995
380223820
1494177244
1501229000
1501740200
1505016389
1505031526
1511267090
1136021068
1299480908
1466719329
1500609155
1494770992
1264683877
903738092
1493830898
668448438
1486556914
1507698220
1037810320
1493279986
1500407150
1491405399
1228975339
1509343721
383626279
427359525
668403908
382672111
383156948
1512803459
1509834818
1471551722
1441986173
1508028169
1511448683
1506850235
1450821471
1254911160
1295165514
1466130103
562070540
205535627
901814207
1492735805
1467377856
303551689
1512449351
765085985
1465953007
1511228509
1497919899
1447978094
1492157364
1483408663
1439199756
1487734059
1436920633
969801594
1492056103
1504139291
1466690834
1504762865
1152711097
1501033226
1209829611
667524003
1485567435
1502635939
998964790
665702811
129777012
1498396607
1485800936
1485158483
912274275
309328574
431518328
1505380627
1483412417
1182747916
1465682756
1294902074
1447788728
1215892258
1474554164
1510293634
1470169443
1106894404
1449667089
1493165807
1503663179
1373032070
1504699703
904702252
1507831455
678952412
729686310
730813362
902599415
1269130169
429892620
1505095766
667709324
1387346795
1511704397
1505665188
1507386627
892060030
1373089230
1250804214
1493009314
1506945767
1487492885
1513032964
1033029937
1353180121
1503180130
1449064033
1493213131
898696376
1506854088
1503373407
960746787
439818751
1510025561
1362095583
1464398089
1465293691
1464227074
1266397531
1502730769
149188673
1259498997
1245823041
1474153160
518981393
436958445
565852736
1280900799
1278187891
1170924566
1509179387
1459930128
1501719639
520106766
433614239
982609328
1475321952
1485608964
1420473143
1123836052
1494098805
1450536899
1512110683
1482748597
1480274969
381079212
1385163336
657391036
1488390677
286058230
1488418543
1400798857
1508125783
381151959
668310587
1480315899
1278634734
1510857241
1309657997
1425501384
1508954407
1505096015
1455370257
1472981729
1487861542
1492901228
1479099835
666785504
666785754
666054284
1109948552
795834988
784993119
1035272957
1493605894
1489205978
1505518854
1456453719
1466016794
1350032835
1260411293
1498989178
432238521
1467756574
972828134
1396056654
1353703180
666555596
1494327494
1480318010
160990533
667398356
1089008388
603715678
1485460807
1480598781
1503995420
860517433
1509080563
1491848377
1511465308
1511702417
1509485631
1485187634
1465388478
1502469890
1453894374
728072540
417817004
1213338180
1504441108
1503176248
366724806
1470853625
536871962
1496613442
575745223
450432045
385752152
1449181761
1454930857
1136022624
1463125668
1508252043
1505560536
440534797
1483978209
1477758136
1506864310
834750071
1082360692
1507715794
1512095969
1473836062
1511845283
1097145060
1104207698
1042436365
1512329973
1019298412
1502729542
531824558
901774053
1370402649
819550146
1482164143
1180616754
1510693898
1137308367
1438676469
1049348704
1498619774
1161093022
1185697162
1504022103
1484845902
1399377935
1211513985
1477098067
1116934931
1510854261
381080290
154256386
1492732722
449084721
422268516
555388801
937801824
1455272526
1483175040
327763757
1098728407
1499084401
1039200025
1510674556
73331075
909106787
584394813
384930109
201235574
1499370359
658229224
1463462262
210163668
215460374
928143513
1461720151
271102539
1251765934
1448180399
1357950469
1214725347
1397143280
1413425176
1352793203
1465385292
1370225002
1511028914
110373586
1511560005
1493397603
1511433404
1078618243
1450274983
1482190766
1511355471
1377494940
1438435609
1471902437
1330438534
1445793305
1449215044
1247577182
1511045526
1505618848
1328267571
1354476133
1497470262
1498799250
1507865114
1351108811
1507284284
1503530593
1494225884
1117109068
1498469176
1157169808
1510869554
1506790947
1510857216
1496661607
1508607456
1508914393
1448314375
1512068010
1510664736
1510973300
1500400863
1386211081
1235781319
667401607
1172696263
1495590050
1510267804
1209274926
1089272384
1508036714
1453447909
1509298301
1021735830
1508447822
1510872902
1511426357
903284935
980728360
1489468509
1249022484
1450726968
1497465768
1296852976
1491663673
666138260
668449996
1497463816
1506311329
667332893
901811827
417891559
383155899
384842266
389067541
417860289
417820020
1507324557
1504364356
348802291
1509722519
1393759124
1483066025
1510630661
1437197432
703164713
1465241734
128514548
1488788508
1463036705
1325583676
1440739897
1288466281
1354669662
1509602817
1494223223
1492578996
666509518
732402335
384515390
737311667
672618707
419228356
682302424
423666855
727850236
668357386
737292661
666796669
665703836
866411978
782468380
1300438456
1477264981
400991938
1509877412
701901247
668449309
667761125
1494828343
73799908
1493016968
1454717599
1494486012
1393161832
1465411191
1504844486
1414432644
1503324446
1251085982
1511357631
1505751013
1505143835
1491327091
301311268
459099607
1506871022
1497208175
1503779808
1508625972
425795015
1381105043
1471932228
327430356
1506506397
1472040061
1403442948
1501465087
1485206793
1511813591
1503981419
596317318
1480607797
1439398362
1439739534
1002895914
1469950585
1472107627
1073756860
1509596769
1505308070
1475993431
1287507595
1402057162
1406657555
1448278947
1381252947
924402240
1449281812
1455740593
1510409989
1197668957
1320697984
497861326
1445495266
1491959146
1460591041
1455926109
1460197644
1491212364
1507993487
1162115609
1465679879
727846574
417893967
1355981711
1499128803
789377986
1491073572
1464693102
1512908278
1245808608
1439956083
1451640012
1474909366
1449636947
1455499079
1228623525
1479648741
1507799342
1504482343
887381753
1215469929
1367592041
665703637
701423952
736560457
741316290
736314686
1451417669
1511657405
1508504472
1494560831
1500488416
1025501347
1492929440
1510867282
481097629
1354449945
1391311705
1371793165
319289991
959329059
1378603675
673633987
917414772
1405790655
1504098573
1489861631
1505083538
742161992
668340597
1051562676
1498325561
740743188
667702655
1420104907
1449907720
417817009
902620718
400902967
848565684
1507427330
1120992852
1492623538
382856518
405071590
1510125081
382857405
386250982
417891209
418005660
1436972184
1412585333
1459644079
1491987743
1381118957
1510646841
1507707107
1510330990
1468979726
1500637135
594274535
1503279147
1506419173
1504496739
1493605870
595768412
1373503196
577146442
1510789833
666546420
1255285856
1451429007
1485828439
431518816
451042540
667759483
1436369086
1508977587
1448601424
1509745217
1193978097
1383793246
1480381582
1434192137
1388995514
1511469596
1507933104
1313425516
1510279648
1486364170
966248982
1502772731
939900034
1420325575
1507623933
1495046902
1440244918
790756943
1455481789
1446072523
1301516056
1297824187
1382380960
1483714822
1378012442
1253413336
1467280358
1197715972
1466861815
1464701909
1219317256
1505488865
1497074914
666782286
1455431579
1509851106
668464228
1468593437
1491099771
1510021938
1053786200
1428447342
1492952206
1511304730
1489203367
1510191407
1490252425
1509103780
1510994203
1280499196
159509353
1511538116
1503902571
1344249201
969541135
880686320
1493790291
1439734863
1466385472
1509378715
1488264452
1508942593
1029102413
1376106900
1510273581
1501574053
1486931740
1507976690
1505249951
1505075765
1511282688
1511256254
1441260325
1511217187
1461521136
1473867623
1421254611
1502946023
1511314330
1482827841
1445354951
1507671071
1473005630
1484098520
1440498823
1474269072
1465673180
1493718658
663571407
1480156468
1188191607
1467069953
152027005
285404605
1510701416
668445972
1508238102
1436448504
1510430949
1508229553
1503344770
1492162204
1440532657
177105965
1443443813
983698001
1508966201
1478836461
1487070580
1207945068
1494217848
1460692405
1441258615
1117118240
1479649374
1510761619
1511181252
418001258
1482794363
1487653217
666878752
430259184
667764213
793931151
790762343
784984468
796543064
1449877021
1499695512
1494045700
1509283158
1505865389
1473968055
147301702
1378753169
1077039860
1488695472
982908145
551299350
1419335283
1170126169
667405843
1492623486
1506964729
1509201039
1383915003
1489464981
1505647883
1502242472
1500141956
954105362
1446911061
1362791523
1509783739
987238085
391466694
1181225704
669398741
1020092083
668212077
1480947927
1393634850
1463861638
1452738613
400610514
400610447
400610445
399194760
1472562449
1489093826
441139023
1502066924
1510079150
1508188081
1502285555
1480157054
1495957524
1482990833
1477727965
1511471066
1114266862
1511441904
1117070361
1506830163
1506687412
1509887228
1410534835
1506421692
1507743210
1191215137
1498941097
1511415034
1452883994
1505803455
1507416385
1507586223
1507681832
1507789981
1508007830
1508168059
1508571161
1508750115
1508889223
1506037884
1509046627
1111895544
1229874618
1509273208
1509496371
1509779662
1510003256
1510134286
1510251594
1510380189
1510598537
1510801402
1506230486
1511017328
1506640250
1506811288
1506978346
1507211481
1507873600
1508943578
863844098
1506269580
1089525903
437826972
1335906810
951841558
770190763
1219105851
1508311999
1489094252
536585317
1506661250
469214479
1441241721
1348812796
1510438854
1069493203
1502537315
1464761150
1455367572
1506639113
1087336021
1511328007
1490276623
565697219
1145432626
1485642709
1495952048
1486617290
1484486735
1510775272
1509720132
1505404229
1436752163
1502595418
1088208626
1509297676
510123663
635343708
1463534082
876352824
344410005
551924557
382671122
982740248
902414206
427007755
1384025165
666891690
1494965332
1495240393
1508278428
1451630579
1498974720
1474942331
1500895760
1453594152
1506145963
1207251905
1293136041
1492340356
930773098
1363614090
668446833
1473766301
286459900
307327136
252317473
414891791
1102478848
1500145411
443415410
443424716
431253830
1510255519
1003167329
1505465383
1355290273
1510784823
961100953
1139042518
1219201803
1452119097
1330508431
1438781608
1439228256
437176956
1508012343
1506102235
1502334409
1319593004
1463459811
1440341454
1509797785
928222819
1057340260
1489476128
1461661366
599491778
1455223545
1459561226
1101866758
1502274561
1446884020
1462285068
1504992554
1480159653
806810284
1506353868
441479249
441479716
386162032
1154772986
932073428
678380384
380859292
964489076
474438570
1439925809
1476741589
1440264482
1251908120
1491773042
1496551945
1247191532
1437451119
900089595
341595424
1481476412
1434068508
1447381737
436618232
468103707
380416043
380416034
484323964
382418367
382418337
414890104
1232999115
1496163652
1353558401
1489539003
407721011
481183193
595313335
380263656
537169906
660184677
441535524
441529475
380263658
660191391
380263628
642393042
215567923
1448904892
1508873590
733583088
1468964257
1468964638
1445178809
711886197
1482407949
1409429924
1445943798
1510448908
1499002566
1510271801
959441486
495606011
1504405397
1073373062
504160048
477943915
310864997
1494963611
1500808343
1195394990
441504831
390447501
390447412
668209109
1449065106
699810412
699802821
1437761039
1465881238
1135595956
1504233750
1505780590
1479855532
1495665877
754984884
1492171926
1504869135
1489271745
1441214633
1512951786
281777086
1331334132
1480678239
1461779524
1507579010
1472888735
1467453335
1503664776
1274267293
1485633487
1269702592
1480615289
1512475858
1360639480
1513010478
1511410801
1456648516
331543709
1398489173
1510869857
1509207848
665709721
1477791702
1450391975
1483604764
1259504672
679723102
1463339752
668701507
1483080957
1487470952
683681784
430771308
1399907453
1483055186
1502771758
1442604220
1052406490
1510698504
1466486233
1363780627
1508853642
1511973475
1377143620
1486258322
576893306
1496218981
1506051951
1511308691
1500642554
1502149829
1508101322
1466967497
1494189224
417905854
417891220
417891217
722074402
1505373396
1459047763
667723694
1454323088
348802922
965432874
1436712727
1508428696
1054112714
1380177843
544443914
1446542519
1036168805
897808564
689894807
1231200574
1250340972
1498038352
1036867447
1051192096
1066275734
1446544714
1463211577
1466385115
667715445
665709634
665709635
1510286863
1504665640
486259228
1502566036
1450724537
1511129902
939171927
1468314505
667525721
307178212
430946611
382953977
1413076413
382671136
902659706
1454610787
742311918
1492835139
1502504322
1489596762
1503225723
1354187921
666983499
666974407
1064870854
1373165679
1510673871
1439734665
1161435554
1213308584
1153768503
128985955
1444547801
1341153649
1505875269
1057459541
1463446881
1435009072
640171189
1457295824
1509708102
1503252226
791207977
384515626
294944294
383538293
866409942
741075226
740316006
901739452
667411463
667607366
1490241998
1485902285
1375328504
1506555289
1477722163
1506620640
1439666279
1138587642
1479491047
1114341819
1494177017
1484385161
616819484
1091378622
1489526841
1495821972
538392106
1123343613
1487306226
1444767317
1508801175
623219774
1489123670
797674455
1510127990
1510857113
1448628621
1003078601
1213002267
1491458329
1038442077
253164388
1474882680
1489176863
1486371246
725728687
891769883
1185055699
1473660868
1494784296
1223821384
1477379982
1454022099
1398285206
991044608
1334083743
1502758877
1029628774
1460418997
390449438
390449417
591845955
1400042892
1496539121
1508944858
1495997042
777690777
901825199
1483966778
542098628
385586718
1450194665
384930160
1486088726
1458107752
1369805974
1293387390
428289100
1504449137
384930114
384930168
1482766995
1215034753
413133857
1443845729
1475337887
412480536
1463110922
1469836111
1496458820
736102938
1449846922
470183152
386785994
429892605
697993015
413643880
413644085
400264662
430204831
1195457669
430858074
387813226
73799335
1401990359
1505720265
1503987402
1363259475
1451041394
1489189522
1496556637
1099887804
380222586
989642790
1390128131
816974890
732353593
971518645
1440843844
1387325985
1481854984
1493452168
430931136
1485257168
806887171
1338522729
1440463942
333214684
1173147795
1210861389
444699632
1416727381
1439599078
371442835
1490939112
1098209651
1490027563
1493453353
1447386268
1478497646
1303942906
381386560
1511327099
1448796742
1505262751
1193009791
1352155262
1493131152
1075743494
1397571662
1031426355
416161485
1437861582
1469821558
1508638195
1138381298
1298666544
1506818559
1496088781
1408605970
1494378780
1507721697
1031708318
467569967
534191682
722373421
1441863993
1389626473
399837389
1498663860
1504656824
1462170879
1498497950
1512066240
1508758017
1486599293
1378631689
1315734085
1488585650
383537877
1384036101
1081708739
598789689
678472389
1020724814
1105177964
548229699
399617988
1413296580
1088942953
552928740
1437458267
1462678395
1476720564
1349673707
1492753666
1277408612
1306768788
384930106
1482520200
1483679225
1039686056
1489599668
1494081242
1214590294
413133984
761799886
1471646472
975392563
1459776580
418566404
1094150498
1339911888
1364807822
1495942897
1449285122
1491154154
365998503
405579295
1470003475
525764486
1508758663
1451154220
1348078374
262520106
514336254
514332284
514337017
1506567310
525807829
1451857637
1506413173
547094289
1487151019
1510808068
1237823295
1495664882
1434973989
1436985289
1500654646
1502265433
1471467112
1115828589
1465685340
1255502076
1457891923
1354427007
422690158
1397133877
1448389930
1378014342
1438940859
1504135670
1085166570
1436865801
1468488661
1407606285
1428207611
1509855741
1451530001
1269143537
1321083080
1501031993
1493067076
1436897992
1501840903
1076365673
1472882560
1497029063
1201353493
1398907962
1511573761
1460552018
1479343977
1512104712
1450604437
448293623
1453297114
1304577545
1458437178
1440834406
1477764050
1441016055
1457053231
417890302
1041197108
430259197
418001335
1165513555
430940104
152495361
1493426518
327568754
667709620
1427646717
666516843
1277228034
789390885
668446197
736338126
1499825058
1502668564
1500759848
1483496536
987353039
1396179354
1166320324
1234023869
1458442790
1511308464
1483955967
1153369611
1506497609
1195729624
1451859864
1501176040
1437713999
1458243810
1087211022
1400740695
1503689219
1460493862
1506564074
1459362701
524138137
1168681030
1482323867
385922503
1483123217
1122870311
1501523617
1501986788
857224907
1500473927
1278260011
1459472985
592418424
1127222262
1481095491
1458975260
1504794006
1441222243
1117244318
1384339968
735290655
1451539697
1468808185
1119393753
1469563137
1500335320
202779770
1491213451
1231180311
74075275
1432648109
1415819722
275121676
1484813723
1435409007
1432751795
588262694
1457207491
1420608180
1271220842
1500773935
1458827641
1499560305
1413484357
1500800781
1201392319
1453639127
1450304950
1490168794
1045352716
1260803741
201778306
1455681879
1214497087
1498435990
1496628529
1488265336
1494198136
1023960935
1490326943
1441902112
430589750
1493075357
1503610662
428373773
428373551
1460155199
1500313855
988435532
1234744841
1330318038
1510707245
865552516
1493352920
1058911829
1508941620
1498140019
1248429535
159689845
806898161
1500731682
1441936498
612466460
1502128184
566821453
384930196
555385239
1480854170
1494384982
1512420061
267224718
1482221905
999426097
1045151153
726458635
684978448
936778670
1112584073
1444676813
1494710479
257688321
1439685217
200167889
1139815001
299449152
1452226586
1474545632
390740556
1504020006
1364058455
1458671246
1505167872
1409611935
1456858615
1502111714
1510026061
1142736861
1508752001
1508625604
135492864
1505937666
1472437347
1484606050
1466791033
1497164599
1497150052
1497161457
1498658850
1482034325
1468643203
1513034364
1121750471
1384930941
1377259186
1509328492
1510262548
1501842690
1512844706
1490915860
1450822140
1473677332
1498396695
1491407631
1507691610
1113867728
1504649081
1511314312
1510693402
1511177129
1504731843
1508424470
1510237009
1496181175
1500640112
1461665218
1507301928
1506532898
1502301493
1504143486
1458891762
1378436211
1507922165
1467302398
1467492189
1504296275
1510500406
1482586583
1492329279
1508100334
1509635458
1510228835
1500443894
1469913309
1496871116
1105090322
1509420588
1502299918
1480907267
1480620274
1497723495
1488536641
1493284594
1501543949
1112304564
1486051681
1435121031
1481717520
1435736944
405725386
1509254637
1502150768
1501851333
1481259865
1462300886
1503187433
1496881390
1031283404
1506791799
1485643298
1511317275
1489198108
1510673562
1508233345
1510281759
1506671495
1490143908
1498898171
593525736
351280467
1446632697
1330494693
1468692844
1367747648
1436881257
1491872965
1349083644
258708454
826104188
1473735490
1359502497
1511328593
1455635005
1299021964
1438394746
624911876
1035389095
505846262
1483058515
1506830303
1452362079
1458556574
866426691
433464623
1455932686
752735884
1441002735
1203642074
1455169228
1505500948
1501557199
1511085289
1511768315
587678194
590042823
1483407229
1479502212
590982624
1504969764
1451459104
1465294651
762848104
1511011272
1477773068
1219672763
1489877006
1216788871
1455805474
1358774976
73907993
1487384629
1495395173
1473995402
1509297012
1449286396
1387569552
1510678503
1500588103
1487855011
1115320255
1510871021
1500281755
1123260181
1304767574
1460727289
1460759412
1502629848
659908652
1497793322
1488753399
784539601
1063560824
1511393792
1497349316
454026871
567739133
1502309268
1036675582
818532028
1087153956
1055157308
425013013
1459301565
1512063635
1503738394
723767519
1431541690
1293575861
1473828321
1476111637
1479432708
1394998725
1476410038
450830235
1490363643
1490161292
1476880706
1450815534
1510676555
987793242
1278694209
1465139425
1006415734
1506180311
1167842608
1491607451
1052486635
528678752
528669174
1483517651
1339796885
1330318404
1431471461
1223820756
1471525416
1475657345
1458234535
936260496
1438051691
1504102133
1504516922
1478451890
1172812275
1437468702
1367657152
1451386250
1373583140
1400047093
1458220003
1493319027
1503922176
1448403767
1496537316
929779045
1095228185
1498662812
1511439191
1508937744
1501403609
1492559157
998804058
1202769515
1489860467
1293217058
396047711
1493132856
1506808231
1335410324
1489652841
1508464004
1472943407
1435717514
1195423497
1445564675
1435825126
1117098944
470963138
1486290650
697995232
1109508761
508043016
1369063987
1509742324
1471312902
1461436060
1508345367
598154111
1497317324
1438417420
1215532120
1003779720
1463399870
1241175634
1315167879
1389820056
1507569334
428177906
893699782
1493188972
1498094508
1158721506
1360426339
1286386026
1458372043
1023372675
1490244599
1499355984
1498540185
1512585888
1497777744
1019232724
1049771690
1435128670
1460038523
1494873996
1450760968
1318716601
1495258374
1471930353
459768626
1445109979
1448129483
1505539972
1491360029
1478427489
1463122631
348665739
1381517562
1091177614
641515388
1510820348
1481002900
1436528284
1495677656
1453203776
1499647468
1497403761
1509834920
1428802915
1347612175
1392398911
1339484043
1506197058
498234000
496281801
1511091298
429653696
469401360
1086139707
665853477
404183243
391179674
354816381
924199911
444590044
1464633676
439013549
439014121
387002987
387002909
923010143
459101389
1508244623
1224228231
452156262
1501550838
1252848717
998663120
1502629445
552940943
578143729
726427680
253197576
665912904
1006409832
382081370
382081471
1205159620
556093873
431932956
1441916052
1472889801
1506107159
293233634
1275296391
690957633
1486633249
407825820
430414110
833908320
1112668189
1412944204
1209584823
1058808500
1505738007
1139956679
1163850034
721881228
1154219775
1476416523
1475780425
597728501
714341249
381386987
381384038
381387141
381386983
381384647
381386977
389020068
547773189
381385388
381387018
553964486
381384384
381385212
975936111
1355423731
1494486618
1435183629
570244382
1469569942
1450976279
519709389
1219005743
1467377513
1440425366
430631404
391176553
1482179503
573239800
1120835122
892405689
1506555854
258715020
1420410643
1493683489
1491271379
1466712270
1488168581
1493219701
1503257919
391428255
1476994515
288522331
1493905366
854417772
1429006615
404183773
391182086
1142120459
1453548739
1330318401
514070235
630886378
1505570895
1123897425
1465788076
849127522
1096194516
1454113113
1480725393
1509619041
1466720232
1483615535
1056948460
1510691076
1502186339
1484803399
1511885230
1502764039
500147883
1511781907
1414070447
1501106011
1414661063
1508028842
1476938759
1513033452
1510991558
1435178072
1454919137
1509284954
1508897445
1510134201
993127414
993128166
1381111360
1501202059
1504031168
1511204240
1504196579
1507307330
417823308
791193794
866415607
1484355275
1494992963
1448142179
1490713123
1512593626
1482290315
474662464
1512435389
1508854431
1331832406
1467829456
1485861060
1501720968
1470517055
1491229352
1480599231
1490330705
1489256481
1488969730
1512281886
943647175
1485708678
1503593329
962812433
1505212011
1343269022
1504519243
1426011640
1255933303
1215449921
1488639280
1500808534
1476996687
1483327559
1483578675
1417705563
1477732358
1191424811
1119913621
1118282123
1463068231
530838005
1489633776
1466974122
1462506534
1010031086
1052860428
1466490386
1165777321
1493440013
1500582401
899309191
1442389730
1491682969
1492026359
1438985367
1400431584
1493649777
1450114016
1500578575
1462185009
1493570870
359324306
1510862719
1384687343
1018209710
1443698180
1508394997
1501738322
1510614282
844619483
536197508
1506010279
1485142331
1482705667
1116571844
1487986143
1510141858
489634141
1493388111
1501715477
1505240963
1506149030
790758906
1406133290
1510827194
1395765009
1498502659
1508756679
1510021282
1503988233
1407507018
384516082
1466129274
329171028
1479606317
1511802019
1445063569
1460523304
500631373
1508258750
1265530844
1088108282
1495738076
1509109549
1495949103
1390442694
1486675053
563646790
1503112207
1499361071
1445734509
1492920481
1427414535
1483226420
1393832334
1478250730
737311725
1246356740
1512672713
300876187
1510413577
1507338931
1504547930
1494325576
1508086364
1508067485
1494013028
1510308648
1491675448
1511536016
1498777629
1508450202
417905212
1503201720
386940300
1507978046
430931157
1054832410
1446265761
1460608389
1384329179
1203483165
1499885668
1510411637
1475433661
1493649471
580593382
974018830
879935397
1481116946
1078036006
1166024847
1510435608
1379087298
1504284129
810683873
1210502613
1281325087
620237247
1339733413
1497297829
1235608943
1505843860
1441224604
1372499952
1477567463
1511473072
648685216
1504862077
1375362153
1445631376
1462212351
1477068250
1213364803
1182273437
1497049553
1451803760
1469491964
1490159785
1398138500
627018745
1360145484
1494269636
977890514
1457504676
1063252175
1077692808
1066129908
1505631816
1511086091
1509468295
1508559648
1458569645
1512500038
1457473780
1215024246
422065032
1373261997
459438746
459437676
1481622996
1363419832
1373280180
1483245107
1207661096
1107761426
1199065618
1351352780
1287752466
1440447434
1463640779
1287751933
1140116953
1370421314
459790404
291657279
1463210893
538443816
1504006629
1478035908
1498835664
1510866474
1503628420
1464655933
1386345288
811849559
1294426110
1474421873
1451493216
1490539846
1072267781
1479636246
1506649485
1505277614
1244509226
391220488
741316213
1459253742
1438454629
1497193038
1490753808
1492474170
667433758
1509590486
1502463176
1493830067
1498797559
1448386718
1126213867
1147254608
1313663129
1455821941
1476940347
1006791288
1123542936
80804648
1475176029
1276716524
1456397619
1378828286
1459015448
1440200746
1504922454
1156609107
1437748256
1498668476
1466577559
1502132019
982071887
1505574682
1437411066
1450261377
904764158
1453470785
1481422677
1510696934
1461783651
1483329275
1368590250
1449432498
1478832638
1168437835
1510608604
1364764784
1439385224
1455076845
1062486460
455624664
1505429719
1342738540
579311689
1491209174
1474978755
1508746240
1115241872
1450732107
1440774653
1254999679
1289316125
1484669340
738913729
1476560895
1489492692
317021264
901744484
737519327
400732829
938627237
1492152111
375608100
1198868722
1509500156
1497211327
1502330509
939328373
903433448
912730108
1438844022
1502759396
1482012716
1496544090
1503983124
1494640119
1429517425
1373586447
1330507835
1451479606
1512745355
1493357411
1513006967
1509420751
1475359492
1509851349
1506126071
1492780064
1512094244
1510635580
1497467842
1506195784
1508439961
1388459959
1510580857
1478182358
1467543382
1378771360
1498836364
1475381246
1458816787
417893780
1453446680
628171477
1507185610
1477561225
1324932623
1497943045
1470138448
1404681435
1497547407
1433899660
1469586773
1252900642
1507084782
596872093
403738372
1491502435
1509299524
398228827
1512370290
1511585939
1352524330
1451206897
1493795295
1483578851
1509954909
990164106
1202173462
1507728039
1501740229
1509724429
1437065329
1500557151
1485381684
1478652800
1032757043
1466253532
1357967465
203856631
1448064277
1339852860
1510485989
1502151372
1454069491
1510028141
1496965281
900920094
1163845503
1397132030
1494168083
1494703036
1507739758
424067316
422066524
1503999703
432970543
1509329213
1226209097
382743912
1478573626
655647517
793915145
665709755
733259173
733342461
733342459
431555728
666556076
1459824412
789382885
384841622
793916178
667720742
1248811032
1464013956
427278124
741075281
383058539
1146548666
1452392512
1505200019
1494763840
1017020688
1492505673
1500063288
1094433168
1511358231
1475428985
1483075040
1493026260
1341874844
496879093
1509387511
707151884
408670823
1493840465
1475306200
1471073388
1486578487
1086202307
1506689683
1447823440
268590314
667339134
1107410723
490512432
1495808402
1511119517
1407437668
1448372388
1030451024
1506968802
1510241505
1484365161
1416805147
1493233854
1434232402
1361410507
1462178585
1509554494
1495059965
1511098119
1438351340
1490168854
1363795112
1492837316
1506351738
1435251008
1469437172
1434359230
1364768107
1293321233
1443875758
1505607028
1450545861
1448367425
1428881706
1369742322
1372277531
1511742602
1480637961
992528732
405097633
405097852
409208817
1508250347
1038337744
255322583
1510512676
1504657944
1499134283
1124523511
1480638533
1097434420
1477208907
1471770158
1482942943
1504829891
1508276709
1508945056
1505854412
1504201754
1437126715
516569260
394731935
1492341013
1469964931
523035590
1500677051
1511028336
920709652
1513023860
1492638341
286049031
1448208558
1483327021
1406502895
1511332665
1508245135
995299828
1489086080
1511181611
1489557758
1450808574
1488438529
1469922545
1295803114
1451764894
1509377699
1488534999
1433991196
1510359714
1114394782
1511651688
1435114863
551310015
1466069322
1482181380
1471804002
254373074
1473731081
1354877692
1493186935
414889253
1481260321
1495365865
668311040
1508028058
1499136243
732418103
1489773595
1438377777
1510373361
118228641
1459236414
1500775812
1385638951
1442319068
1477777901
1445040283
1281587665
1508751839
1493152619
903333204
740315967
1508173227
1440643550
1397628233
1501618393
318908402
1446340233
1511163566
397131956
1506489715
1495654273
1489728916
1345612301
1339345464
822271224
1373999790
897504154
1507600690
1493817548
1509379607
716442053
1508844756
1501632705
1253575352
1494366572
1502465985
1178555990
1376751260
1502452966
272601209
1474725548
1502265992
532823051
1440211101
883475542
1484827310
368514641
1391384575
1302899246
1467691828
1505081874
666142659
1020896855
1505242732
521597680
1474480301
1346649287
1507191347
1436776824
1497531374
1458231465
445295539
412488354
1455200255
1488384520
1503428100
717737909
1506343841
1320633632
1386827623
991338658
1503960530
1512318945
1512508559
1313111844
1478992992
1286853588
1502151917
1494640904
1494778349
1482388772
1505051673
1348007725
1492725305
1485281065
1511460741
1505069343
1206184209
1470044934
1280450714
271147488
1071755499
917852999
597149603
296856001
1510172558
790757888
666550020
901849006
523529373
1503350473
1481289859
556092922
1505875211
1504606232
1362358143
1418642402
1471508581
1466398253
1507624382
319582763
1481839589
1326669217
1183076342
1073704742
551549809
1474564216
1216548992
1445379305
1472576621
1499846120
1500807125
1468201907
1495139173
791176272
1466839339
1490874482
1498653504
1439943770
75092679
117635832
1410456972
430414332
1437724671
386988106
386987868
1472572734
1081975841
1478552950
1443050291
1474476216
410299691
445295755
1498621286
668309567
1330478347
1371388881
1501631768
667411624
1488354362
1461679160
1492736800
1505226071
1343888620
1510671278
1498964629
1481777588
1509743259
1391405338
1383163309
1510359615
279180987
1481964232
1506598547
1456198578
1191382884
1360387523
1474860899
1497155850
1502738044
1217122755
1509316249
1512703363
1431550412
1499274352
461629631
1455140853
667337457
1510677815
1502108553
1507710609
1109328506
1425730672
1507680018
1510229696
1486279754
633685733
1511802510
1506708345
1488562349
1451606043
1178232405
418148829
1485252589
1134980535
1173274296
1049035740
278551493
1333670635
962188147
1387948337
1450731776
1031424306
1402222432
1438623817
1510155087
1176579320
1512640045
383056477
417893323
1223774438
1155598523
1075806297
1045851995
1093111528
1491195689
547208438
1508915580
1510173879
1453555944
1455223001
1489812007
713762894
1441020242
1483976646
1504125305
1328042653
160678192
1287568443
1446342006
1511443875
1505907020
703796765
1468721900
1300439326
1493630548
1076740603
1510865367
431778873
1441914343
285720243
1463470675
1497917347
278396471
1444736765
1484896764
1173484826
1459548568
1325238661
1506658300
1445361094
1480182847
1399486093
257014370
1464336674
1502585785
1502613642
1387557868
1487436220
1508916135
1462223418
1493268011
1383580791
807350584
1461207012
1488729892
1498085944
1497249982
1438432884
407594496
1467830000
1507983272
1331478791
1494121795
1504955433
1475131069
408873623
408873774
408873604
1374552690
1489291710
394897696
1489765924
1507185358
1487403255
1339479430
1491195010
1256144481
1479493601
1435777045
1512078495
1475105424
1008664769
1501258336
1436563322
1454867240
1508937633
1497825124
1500319922
1441028358
1446809286
1483874492
1398448758
419233734
1504632077
1490587716
1361549362
1492629170
80078905
1048430843
1478562395
1511040266
1278685383
1462902817
1441039642
1491658770
1506491503
1358909470
1468686362
1498939701
1242083691
1508633675
1386296021
1502898490
864059011
1361318586
1148018423
1353256096
1399905840
883263888
1492623255
1456969542
1511180174
1510266671
1001846505
1510671297
856084897
1451239865
1356685619
1436103441
509769642
1503322620
1471549256
1495575402
1456543077
1113618514
1382928692
1463248509
1457702822
1501843319
1437277221
791605493
1508949533
901769586
1248573938
955197290
1452677890
1353726620
1017544612
1342832385
1493755426
1066051815
1487688891
1494837886
1510805251
1492615463
1444806424
1508103538
1501732844
417908791
1152665512
1496613723
1508899265
1497392663
1397930192
382826452
1502331213
623265165
1497638656
1495355544
1493992172
1389963718
1342396007
1505048144
1507474339
1350264082
1436123951
814727949
1489607233
668464221
1234680010
1510692788
1510122509
165762731
1498877313
339923924
1381173618
963582847
1468375859
1501233596
1506999597
1501878435
1491932564
1391914596
1501401307
1485185554
1492193240
1228508887
382826871
1146302422
1498090769
1489098321
340530449
1507170585
1221154491
1496941077
1373396301
456856242
1350963067
519373159
1506974465
317021382
741075057
903859968
793557624
1511405960
1047012231
1493720473
953592166
1445910979
1473317992
1494049540
1492185276
1491668610
1452000245
1448126054
1190023533
1448638518
1332113459
1356980172
1493350566
1456004356
1507975485
1206117146
1412189576
1339072440
1052599373
1269011071
1497921264
1497948743
1497950624
1470526194
1471826043
1448122638
1435977386
1510816764
1487375413
1450444832
1358410365
1503234931
1209013520
1492161461
1470319064
1475527723
1507012726
1489285059
1500955580
1454587266
1436552016
1462542236
1481828818
1487965698
1506337376
1507734641
1483399558
1492710990
812501884
1463056011
1191488637
1473881129
1509874047
1435063600
1480956902
1478467789
1417270050
1500283144
1489092232
1473698063
1512913459
1386263738
1257477993
1512881311
1478211900
1485484707
1466241678
1481463879
1251081799
1496649085
1211773564
1429274511
1415869665
716262136
1466941875
1509340539
1510284201
1512725989
1363051672
211076908
1475427720
1510824177
1448287713
1509534678
1094560214
1463699820
1506527355
1511126137
1449480827
1500772802
1462923302
1453331156
1500047586
1492918340
1510283217
1490172043
1460141739
1501726635
1457908252
1510761430
1403004813
1504812613
1511535174
1488267431
1493451184
1494558229
1504510775
1454835838
1451451844
1489506712
1489744366
1485592481
1497287273
1484355149
1509748151
1490927498
1505835476
1498709829
1494533262
1340194223
1019641626
1466252612
1458919935
1509548036
1445956303
1394482037
1500351701
665704095
1489118086
1481381649
689762493
1498379060
1510282562
1496013626
1170945133
1407483713
1488366755
1187739325
1425350031
1456311563
1493075678
417814166
1113129785
1500423025
1357848386
1291738958
1510613845
1493007457
1109070081
1490627281
1502464357
975656455
1088451668
1508054278
1485888270
1437747727
1495095477
1466077013
1370770735
1501721558
1447722489
1499139014
903738186
744254922
1487380314
668307571
567938897
1468741681
1485567629
1493194205
1504082733
1155825469
1139626362
1493187882
1478520027
1511086309
654855863
1056986214
1384315119
1505278459
1506113855
1499469461
1434351518
1185148206
1320295265
1445334299
1489246195
1451513913
623663160
1327655367
1490750179
1509841059
1484020029
666770835
1413061473
1480098519
1493007282
399405472
1129704981
1366928278
1323573709
1342801481
1434162931
1480182959
1355549550
1450976247
1501103812
1506506398
1057444596
1496625111
1498338538
1209680398
1449865800
1032758016
1366276932
645642590
1356331009
1342449361
1462160811
1453760591
354180976
1342440280
1503353303
1493303811
1439850468
1486647574
844099021
506554409
1062108530
1469505984
1346068679
1444086977
1500155339
1247293235
1332745334
560117939
1039651296
1420049596
550264875
1009930837
1479295519
74343448
1384677852
1461775384
362354211
1481608943
290947446
1092737175
1474466965
1504760957
1266857083
1268474450
1233604334
779458894
1504742699
1037234572
1512586886
1504953203
652382732
80183148
258318748
1476954415
1329751195
1042149368
472605890
1178480321
1458224324
1143934570
1481286034
1292694256
1268472505
1489278168
1448252392
1245448033
1449059075
1468285959
398500515
1440082691
1456985606
1161129131
997101671
1501289069
1448757242
414944950
1502778217
157506295
1504511674
1187530261
1486278817
1502417077
1480282774
1511909507
1331004204
1502457904
1501869273
1485682623
1474476217
1449065216
1501722452
1451586075
1478579754
1486124064
1510647714
1132912916
1286103931
1484117187
1313611936
300460741
1506075656
1477007685
135505996
1488767999
1490593420
1497324032
1511097773
1464990869
1330069041
352616073
1454176345
1509357702
1353823780
668359234
417894272
666538187
1273011293
1493681599
687109427
1472949914
1404307069
994524934
1512924836
1487990513
1502168064
1416186081
1474879752
119534761
1327939083
1454357059
1458997432
1458039072
1151361145
1492335280
666512082
1490023828
159601888
1503394331
1362086807
1466092175
1458759303
1484147737
1276536341
1508979289
325757312
1133641132
1500089916
1077933939
1485848284
1445857920
1450952415
1498417946
1453569343
1080144159
258319207
1490880944
1365125447
1502332474
1500685787
1475491368
1503455283
282021592
1485664747
1218982722
1477008574
1508373364
1473886661
1504683157
1459702808
1485620086
1462704616
1508586429
1468499698
1381504787
1468319567
1478767460
1508214358
1508077048
1359378554
1417340057
1479293371
1433050794
1432246093
1326561684
1512801511
1512796188
1077008071
1447663413
477605836
1510476489
1452072520
969793867
1489627708
1358223149
1511377967
1483779529
1493415439
562410602
1456285277
1296273512
445295580
1479210933
475419466
582467878
1226741159
253060100
1463811623
1410646744
1511951716
1410646476
1482987739
1437006895
1506578012
1457234574
1378174272
1462075849
1505408517
1332099034
1507304176
1494389081
1448416898
384931725
384931737
1443873563
1465179396
1498691923
1266779487
1492710544
1403591059
1508115927
1455679002
1503097809
1159014658
1448852472
1489200752
1287821361
417820078
1489203575
1499889988
1483840405
1179469703
1367739110
1510031762
1487890058
1488539207
1482583238
1484370974
1493011761
1148494914
1484138608
1484405770
1350345756
1489086087
1441164373
1511945927
1510236394
667528629
382746980
1511477467
1508255668
412484221
1501402632
1499123469
1405888421
1511464484
1491390965
1512161411
1494187335
1494841590
1480128375
1493791612
1483690073
417250486
1505224611
1447966652
1477503001
427360365
1482634343
1459659074
1437724649
1488983766
1486586580
1509316277
1511047523
382856846
1206677940
1504564409
666554574
1467421090
1510532551
276445265
1501715575
1504639483
1511234390
1402996193
1501839791
334073840
1509659385
1487375712
1497916177
768099835
1383832478
1480087996
262213917
1463872942
383060268
1509636680
1485448129
1167064260
1162025864
1503242561
1464085942
1497035411
1504957200
1502475473
126714068
421520380
1484609498
1490401857
1471742168
1346879587
1471909551
320585207
1483022849
1454578195
825668838
1463833613
1463776282
1508887842
667509648
1481498332
1465855707
1451046565
1506536390
1503806530
1446321001
1487378956
1510355932
1456907749
1422916767
1508772931
1099506949
1495895887
1465238086
484324030
1513030145
1498214017
1187364372
1479208112
1493535352
1369758218
1497594250
1511744347
1110580092
1320923716
1511052922
991566772
1273613024
1510427471
1173229166
1286588391
1505941102
1460534536
354947501
1450726836
295833491
1512499440
1509599147
1338509077
1500809400
1245373063
1506405505
1456472942
1505236552
1448164342
1509505843
1511691848
1510272958
421520917
1508447432
1508240038
1441439878
1191131697
1441044040
646979202
1488006459
1347993338
1354451525
1509596590
903683730
545163571
1509333932
1504519636
1510815281
1483457819
1215131479
1215131477
1497912338
667404244
1492969825
306074559
1494616660
641494245
1467299680
698871197
1511305280
384516728
727848735
733259171
731360181
1033029798
1497719705
1510171687
1329847711
1511660653
1501715179
1511682510
1503298903
1508278600
1509304793
1481499525
1466112423
1511651480
1500783378
1484382286
1506614877
1463881909
1377326247
1436431361
1505597985
1505308081
1481142344
1492635684
666514943
1512726825
1511557336
1497417601
1503568309
1493006421
354817123
1441880740
1124753331
